17:50:31.956 INFO  Loading C:\Users\user\Documents\GitHub\Rp_City17-Build-210-fix\rp_city17_build210.bsp
17:50:32.238 INFO  Extracting materials/building_template/building_template012bb.vmt
17:50:32.243 INFO  Extracting materials/building_template/building_template012bb.vtf
17:50:32.252 INFO  Extracting materials/building_template/building_template012cc.vmt
17:50:32.253 INFO  Extracting materials/building_template/building_template012cc.vtf
17:50:32.262 INFO  Extracting materials/building_template/building_template012dd.vmt
17:50:32.263 INFO  Extracting materials/building_template/building_template012dd.vtf
17:50:32.271 INFO  Extracting materials/building_template/building_template012gg.vmt
17:50:32.272 INFO  Extracting materials/building_template/building_template012gg.vtf
17:50:32.279 INFO  Extracting materials/building_template/building_template012hh.vmt
17:50:32.281 INFO  Extracting materials/building_template/building_template012hh.vtf
17:50:32.288 INFO  Extracting materials/concrete/concretefloor019b.vmt
17:50:32.290 INFO  Extracting materials/concrete/concretefloor019b.vtf
17:50:32.295 INFO  Extracting materials/concrete/concretefloor019b_c17.vmt
17:50:32.296 INFO  Extracting materials/concrete/concretefloor019b_normal.vtf
17:50:32.301 INFO  Extracting materials/concrete/concretefloor039bb.vmt
17:50:32.302 INFO  Extracting materials/concrete/concretefloor039bb.vtf
17:50:32.306 INFO  Extracting materials/concrete/concretefloor039bb_cheap.vmt
17:50:32.307 INFO  Extracting materials/concrete/concretefloor039bb_normal.vtf
17:50:32.311 INFO  Extracting materials/concrete/concretefloor039bb_specmask.vtf
17:50:32.313 INFO  Extracting materials/concrete/concretewall011b.vmt
17:50:32.315 INFO  Extracting materials/concrete/concretewall011b.vtf
17:50:32.316 INFO  Extracting materials/concrete/concretewall075a.vmt
17:50:32.318 INFO  Extracting materials/concrete/concretewall075a.vtf
17:50:32.320 INFO  Extracting materials/cs_assault/assault_building_decal_01.vmt
17:50:32.321 INFO  Extracting materials/cs_assault/assault_building_decal_01.vtf
17:50:32.322 INFO  Extracting materials/decals/combinewerbung001.vmt
17:50:32.324 INFO  Extracting materials/decals/combinewerbung001.vtf
17:50:32.327 INFO  Extracting materials/decals/combinewerbung003.vmt
17:50:32.329 INFO  Extracting materials/decals/combinewerbung003.vtf
17:50:32.332 INFO  Extracting materials/decals/crack_stuck_dirt/cracks_004.vmt
17:50:32.334 INFO  Extracting materials/decals/crack_stuck_dirt/cracks_004.vtf
17:50:32.336 INFO  Extracting materials/decals/crack_stuck_dirt/cracks_019.vmt
17:50:32.338 INFO  Extracting materials/decals/crack_stuck_dirt/cracks_019.vtf
17:50:32.339 INFO  Extracting materials/decals/crack_stuck_dirt/cracks_031.vmt
17:50:32.341 INFO  Extracting materials/decals/crack_stuck_dirt/cracks_031.vtf
17:50:32.342 INFO  Extracting materials/decals/decalgraffiti001c.vmt
17:50:32.343 INFO  Extracting materials/decals/decalgraffiti001c.vtf
17:50:32.345 INFO  Extracting materials/decals/decalgraffiti014a.vmt
17:50:32.346 INFO  Extracting materials/decals/decalgraffiti014a.vtf
17:50:32.348 INFO  Extracting materials/decals/decalgraffiti056a_cs.vmt
17:50:32.349 INFO  Extracting materials/decals/decalgraffiti056a_cs.vtf
17:50:32.351 INFO  Extracting materials/decals/decalposter014c.vmt
17:50:32.352 INFO  Extracting materials/decals/decal_combine_core.vmt
17:50:32.353 INFO  Extracting materials/decals/decal_combine_core.vtf
17:50:32.356 INFO  Extracting materials/decals/decal_posters005a.vmt
17:50:32.358 INFO  Extracting materials/decals/decal_posters006a.vmt
17:50:32.359 INFO  Extracting materials/decals/decal_postersFF1a.vmt
17:50:32.361 INFO  Extracting materials/decals/decal_postersFF1a.vtf
17:50:32.365 INFO  Extracting materials/decals/decal_postersFF2a.vmt
17:50:32.367 INFO  Extracting materials/decals/decal_postersFF2a.vtf
17:50:32.370 INFO  Extracting materials/decals/decal_postersFF3a.vmt
17:50:32.372 INFO  Extracting materials/decals/decal_postersFF3a.vtf
17:50:32.376 INFO  Extracting materials/decals/decal_postersPP001a.vmt
17:50:32.377 INFO  Extracting materials/decals/decal_postersPP001a.vtf
17:50:32.381 INFO  Extracting materials/decals/dirty_rust/decal_d_2.vmt
17:50:32.382 INFO  Extracting materials/decals/dirty_rust/decal_d_2.vtf
17:50:32.384 INFO  Extracting materials/decals/dirty_rust/decal_d_4.vmt
17:50:32.385 INFO  Extracting materials/decals/dirty_rust/decal_d_4.vtf
17:50:32.387 INFO  Extracting materials/decals/dirty_rust/decal_d_5.vmt
17:50:32.387 INFO  Extracting materials/decals/dirty_rust/decal_d_5.vtf
17:50:32.390 INFO  Extracting materials/decals/dirty_rust/elev_decal_4.vmt
17:50:32.391 INFO  Extracting materials/decals/dirty_rust/elev_decal_4.vtf
17:50:32.393 INFO  Extracting materials/decals/dirty_rust/elev_decal_6.vmt
17:50:32.394 INFO  Extracting materials/decals/dirty_rust/elev_decal_6.vtf
17:50:32.395 INFO  Extracting materials/decals/dirty_rust/elev_decal_7.vmt
17:50:32.396 INFO  Extracting materials/decals/dirty_rust/elev_decal_7.vtf
17:50:32.398 INFO  Extracting materials/decals/dirty_rust_2/decal_wall.vmt
17:50:32.398 INFO  Extracting materials/decals/dirty_rust_2/decal_wall.vtf
17:50:32.401 INFO  Extracting materials/decals/firepit.vmt
17:50:32.402 INFO  Extracting materials/decals/firepit.vtf
17:50:32.404 INFO  Extracting materials/decals/fuckthemall.vmt
17:50:32.405 INFO  Extracting materials/decals/fuckthemall.vtf
17:50:32.406 INFO  Extracting materials/decals/graffiti_goddead.vmt
17:50:32.406 INFO  Extracting materials/decals/graffiti_goddead.vtf
17:50:32.407 INFO  Extracting materials/decals/graffiti_helpfood.vmt
17:50:32.408 INFO  Extracting materials/decals/graffiti_helpfood.vtf
17:50:32.409 INFO  Extracting materials/decals/paperposter004b.vmt
17:50:32.410 INFO  Extracting materials/decals/paperposter004b.vtf
17:50:32.411 INFO  Extracting materials/decals/rationpapers01.vmt
17:50:32.411 INFO  Extracting materials/decals/rationpapers01.vtf
17:50:32.413 INFO  Extracting materials/decals/rationpapers04.vmt
17:50:32.414 INFO  Extracting materials/decals/rationpapers04.vtf
17:50:32.414 INFO  Extracting materials/decals/scumfoam01.vmt
17:50:32.415 INFO  Extracting materials/decals/scumfoam01.vtf
17:50:32.416 INFO  Extracting materials/decals/sign05.vmt
17:50:32.417 INFO  Extracting materials/decals/sign05.vtf
17:50:32.418 INFO  Extracting materials/decals/sonstiges/beach_dirt_a.vmt
17:50:32.419 INFO  Extracting materials/decals/sonstiges/ff_sign003.vmt
17:50:32.419 INFO  Extracting materials/decals/sonstiges/ff_sign003.vtf
17:50:32.421 INFO  Extracting materials/decals/sonstiges/ff_sign024.vmt
17:50:32.422 INFO  Extracting materials/decals/sonstiges/ff_sign024.vtf
17:50:32.426 INFO  Extracting materials/decals/sonstiges/ff_sign028.vmt
17:50:32.428 INFO  Extracting materials/decals/sonstiges/ff_sign028.vtf
17:50:32.430 INFO  Extracting materials/decals/sonstiges/ff_sign067.vmt
17:50:32.431 INFO  Extracting materials/decals/sonstiges/ff_sign067.vtf
17:50:32.434 INFO  Extracting materials/decals/sonstiges/ff_sign086.vmt
17:50:32.434 INFO  Extracting materials/decals/sonstiges/ff_sign086.vtf
17:50:32.436 INFO  Extracting materials/decals/sonstiges/ff_sign100.vmt
17:50:32.437 INFO  Extracting materials/decals/sonstiges/ff_sign100.vtf
17:50:32.440 INFO  Extracting materials/decals/sonstiges/ff_sign101.vmt
17:50:32.441 INFO  Extracting materials/decals/sonstiges/ff_sign101.vtf
17:50:32.444 INFO  Extracting materials/decals/sonstiges/ff_sign113.vmt
17:50:32.445 INFO  Extracting materials/decals/sonstiges/ff_sign113.vtf
17:50:32.447 INFO  Extracting materials/decals/sonstiges/ff_sign114.vmt
17:50:32.448 INFO  Extracting materials/decals/sonstiges/ff_sign114.vtf
17:50:32.451 INFO  Extracting materials/decals/sonstiges/ff_sign115.vmt
17:50:32.452 INFO  Extracting materials/decals/sonstiges/ff_sign115.vtf
17:50:32.455 INFO  Extracting materials/decals/sonstiges/ff_sign116.vmt
17:50:32.456 INFO  Extracting materials/decals/sonstiges/ff_sign116.vtf
17:50:32.459 INFO  Extracting materials/decals/sonstiges/ff_skizze030.vmt
17:50:32.461 INFO  Extracting materials/decals/sonstiges/ff_skizze030.vtf
17:50:32.463 INFO  Extracting materials/decals/sonstiges/med_poster006.vmt
17:50:32.464 INFO  Extracting materials/decals/sonstiges/med_poster006.vtf
17:50:32.466 INFO  Extracting materials/decals/sos01.vmt
17:50:32.468 INFO  Extracting materials/decals/sos01.vtf
17:50:32.469 INFO  Extracting materials/decals/terrain/decal_asphalt_patched.vmt
17:50:32.470 INFO  Extracting materials/decals/terrain/decal_asphalt_patched.vtf
17:50:32.471 INFO  Extracting materials/decals/trash01.vmt
17:50:32.472 INFO  Extracting materials/decals/trash01.vtf
17:50:32.474 INFO  Extracting materials/decals/TrashDecal01a.vmt
17:50:32.475 INFO  Extracting materials/decals/trashdecal01a.vtf
17:50:32.477 INFO  Extracting materials/decals/TrashDecal02a.vmt
17:50:32.477 INFO  Extracting materials/decals/trashdecal02a.vtf
17:50:32.478 INFO  Extracting materials/decals/vent_residential_00.vmt
17:50:32.480 INFO  Extracting materials/decals/vent_residential_00.vtf
17:50:32.481 INFO  Extracting materials/detail/detailash001a.vtf
17:50:32.482 INFO  Extracting materials/detail/detailconcrete001a.vtf
17:50:32.484 INFO  Extracting materials/detail/detaildirt001a.vtf
17:50:32.485 INFO  Extracting materials/detail/detailsprites.vmt
17:50:32.486 INFO  Extracting materials/detail/detailsprites.vtf
17:50:32.487 INFO  Extracting materials/detail/detailsprites_editor.vmt
17:50:32.487 INFO  Extracting materials/detail/grass_lawn_cut.vmt
17:50:32.489 INFO  Extracting materials/detail/grass_lawn_cut.vtf
17:50:32.489 INFO  Extracting materials/detail/grass_lawn_cut_dark.vmt
17:50:32.490 INFO  Extracting materials/detail/grass_lawn_cut_dark.vtf
17:50:32.491 INFO  Extracting materials/detail/grass_lawn_cut_lite.vmt
17:50:32.492 INFO  Extracting materials/detail/grass_lawn_cut_lite.vtf
17:50:32.493 INFO  Extracting materials/detail/grass_sprites - Kopie.vtf
17:50:32.494 INFO  Extracting materials/detail/grass_sprites.vtf
17:50:32.495 INFO  Extracting materials/detail/metal_detail_01.vtf
17:50:32.496 INFO  Extracting materials/detail/noise_detail_01.vtf
17:50:32.497 INFO  Extracting materials/detail/orig_detailsprites.vtf
17:50:32.500 INFO  Extracting materials/detail/plaster_detail_01.vtf
17:50:32.501 INFO  Extracting materials/detail/rock_detail_01.vtf
17:50:32.502 INFO  Extracting materials/detail/wood_detail_01.vtf
17:50:32.503 INFO  Extracting materials/de_train/train_dirt_floor_01.vmt
17:50:32.505 INFO  Extracting materials/de_train/train_dirt_floor_01.vtf
17:50:32.506 INFO  Extracting materials/de_train/train_grass_floor_01.vmt
17:50:32.508 INFO  Extracting materials/de_train/train_grass_floor_01.vtf
17:50:32.509 INFO  Extracting materials/ff_detail/briar2_detail.vtf
17:50:32.511 INFO  Extracting materials/ff_detail/briar_detail.vtf
17:50:32.512 INFO  Extracting materials/ff_detail/detailsprites.vtf
17:50:32.514 INFO  Extracting materials/ff_detail/gmetal_grey.vtf
17:50:32.516 INFO  Extracting materials/ff_detail/korn_detail.vtf
17:50:32.517 INFO  Extracting materials/ff_detail/weave_detail.vtf
17:50:32.519 INFO  Extracting materials/glass/unbreakable.vmt
17:50:32.519 INFO  Extracting materials/glass/unbreakable.vtf
17:50:32.520 INFO  Extracting materials/glass/unbreakable_ref.vtf
17:50:32.521 INFO  Extracting materials/lights/ff_fluorescentcool.vmt
17:50:32.522 INFO  Extracting materials/lights/ff_red001.vmt
17:50:32.524 INFO  Extracting materials/lights/ff_red001.vtf
17:50:32.525 INFO  Extracting materials/lights/ff_red002.vmt
17:50:32.525 INFO  Extracting materials/metal/offgaragedr.vmt
17:50:32.526 INFO  Extracting materials/metal/offgaragedr.vtf
17:50:32.528 INFO  Extracting materials/metal/offgaragedr_ref.vtf
17:50:32.529 INFO  Extracting materials/models/combine_turrets/combine_cannon.vmt
17:50:32.531 INFO  Extracting materials/models/combine_turrets/combine_cannon.vtf
17:50:32.532 INFO  Extracting materials/models/combine_turrets/combine_cannon_gun.vmt
17:50:32.533 INFO  Extracting materials/models/combine_turrets/combine_cannon_gun.vtf
17:50:32.535 INFO  Extracting materials/models/combine_turrets/combine_cannon_gun_exponent.vtf
17:50:32.536 INFO  Extracting materials/models/combine_turrets/combine_cannon_gun_normal.vtf
17:50:32.537 INFO  Extracting materials/models/combine_turrets/combine_cannon_powergen.vmt
17:50:32.538 INFO  Extracting materials/models/combine_turrets/combine_cannon_powergen.vtf
17:50:32.540 INFO  Extracting materials/models/combine_turrets/combine_cannon_powergen02.vmt
17:50:32.540 INFO  Extracting materials/models/combine_turrets/combine_cannon_powergen02.vtf
17:50:32.541 INFO  Extracting materials/models/combine_turrets/combine_cannon_powergen02noillum.vmt
17:50:32.543 INFO  Extracting materials/models/combine_turrets/combine_cannon_powergennoillum.vmt
17:50:32.543 INFO  Extracting materials/models/combine_turrets/combine_cannon_powergen_mask.vtf
17:50:32.544 INFO  Extracting materials/models/combine_turrets/combine_cannon_stand.vmt
17:50:32.546 INFO  Extracting materials/models/combine_turrets/combine_cannon_stand.vtf
17:50:32.548 INFO  Extracting materials/models/combine_turrets/combine_cannon_stand02.vmt
17:50:32.549 INFO  Extracting materials/models/combine_turrets/combine_cannon_stand02.vtf
17:50:32.550 INFO  Extracting materials/models/combine_turrets/combine_cannon_stand02noillum.vmt
17:50:32.551 INFO  Extracting materials/models/combine_turrets/combine_cannon_standnoillum.vmt
17:50:32.553 INFO  Extracting materials/models/combine_turrets/combine_cannon_stand_mask.vtf
17:50:32.554 INFO  Extracting materials/models/combine_turrets/combine_cannon_stand_normal.vtf
17:50:32.555 INFO  Extracting materials/models/ff_models/ff_bark.vtf
17:50:32.556 INFO  Extracting materials/models/ff_models/ff_bark_normal.vtf
17:50:32.557 INFO  Extracting materials/models/ff_props/bark.vmt
17:50:32.558 INFO  Extracting materials/models/ff_props/bark.vtf
17:50:32.559 INFO  Extracting materials/models/ff_props/bark003.vmt
17:50:32.560 INFO  Extracting materials/models/ff_props/bark003.vtf
17:50:32.561 INFO  Extracting materials/models/ff_props/bark003_normal.vtf
17:50:32.563 INFO  Extracting materials/models/ff_props/hecke-stamm.vmt
17:50:32.565 INFO  Extracting materials/models/ff_props/hecke-stamm.vtf
17:50:32.566 INFO  Extracting materials/models/ff_props/hecke_leaf.vmt
17:50:32.568 INFO  Extracting materials/models/ff_props/hecke_leaf.vtf
17:50:32.568 INFO  Extracting materials/models/ff_props/leaf004b.vmt
17:50:32.569 INFO  Extracting materials/models/ff_props/leaf004b.vtf
17:50:32.570 INFO  Extracting materials/models/ff_props/leaf006b.vmt
17:50:32.571 INFO  Extracting materials/models/ff_props/leaf006b.vtf
17:50:32.571 INFO  Extracting materials/models/ff_props/mleaf.vmt
17:50:32.572 INFO  Extracting materials/models/ff_props/mleaf.vtf
17:50:32.573 INFO  Extracting materials/models/ff_props/oakbark.vmt
17:50:32.574 INFO  Extracting materials/models/ff_props/oakbark.vtf
17:50:32.574 INFO  Extracting materials/models/ff_props/oleaves.vmt
17:50:32.575 INFO  Extracting materials/models/ff_props/oleaves.vtf
17:50:32.576 INFO  Extracting materials/models/ff_props/scrub005.vmt
17:50:32.577 INFO  Extracting materials/models/ff_props/scrub005.vtf
17:50:32.579 INFO  Extracting materials/models/ff_props/scrub005_detail.vmt
17:50:32.579 INFO  Extracting materials/models/ff_props/scrub005_detail.vtf
17:50:32.581 INFO  Extracting materials/models/machinery_roof_1a.vmt
17:50:32.582 INFO  Extracting materials/models/machinery_roof_1a.vtf
17:50:32.584 INFO  Extracting materials/models/machinery_roof_1a_bump.vtf
17:50:32.587 INFO  Extracting materials/models/props/city17/apartment/carpetfloor003a.vmt
17:50:32.589 INFO  Extracting materials/models/props/city17/apartment/concretefloor011a.vmt
17:50:32.590 INFO  Extracting materials/models/props/city17/apartment/metalwall055a.vmt
17:50:32.592 INFO  Extracting materials/models/props/city17/apartment/metalwall055b.vmt
17:50:32.593 INFO  Extracting materials/models/props/city17/apartment/plasterwall012a.vmt
17:50:32.594 INFO  Extracting materials/models/props/city17/apartment/stonestair001a.vmt
17:50:32.594 INFO  Extracting materials/models/props/city17/apartment/woodceiling002a.vmt
17:50:32.595 INFO  Extracting materials/models/props/city17/apartment/woodstair002a.vmt
17:50:32.596 INFO  Extracting materials/models/props/city17/apartment/woodstair002c.vmt
17:50:32.596 INFO  Extracting materials/models/props/city17/apartment/woodwall042a.vmt
17:50:32.598 INFO  Extracting materials/models/props/city17/citadel_metalwall063a.vmt
17:50:32.598 INFO  Extracting materials/models/props/city17/citadel_metalwall077a.vmt
17:50:32.599 INFO  Extracting materials/models/props/city17/citadel_metalwall090a.vmt
17:50:32.600 INFO  Extracting materials/models/props/city17/citadel_metalwall091a.vmt
17:50:32.601 INFO  Extracting materials/models/props/city17/citadel_tilefloor016a.vmt
17:50:32.602 INFO  Extracting materials/models/props/city17/concretewall064a.vmt
17:50:32.602 INFO  Extracting materials/models/props/city17/concretewall064b.vmt
17:50:32.603 INFO  Extracting materials/models/props/city17/metalcombinegrate001a.vmt
17:50:32.604 INFO  Extracting materials/models/props/city17/metaldoor032c.vmt
17:50:32.605 INFO  Extracting materials/models/props/city17/metaldoor052a.vmt
17:50:32.606 INFO  Extracting materials/models/props/city17/metalduct003a.vmt
17:50:32.606 INFO  Extracting materials/models/props/city17/metalfloor002a.vmt
17:50:32.608 INFO  Extracting materials/models/props/city17/metalfloor007a.vmt
17:50:32.608 INFO  Extracting materials/models/props/city17/metalhull003a.vmt
17:50:32.609 INFO  Extracting materials/models/props/city17/metalpipe001a.vmt
17:50:32.610 INFO  Extracting materials/models/props/city17/metalpipe003a.vmt
17:50:32.611 INFO  Extracting materials/models/props/city17/metalrail003a.vmt
17:50:32.612 INFO  Extracting materials/models/props/city17/metalrail003b.vmt
17:50:32.612 INFO  Extracting materials/models/props/city17/metalstair003a.vmt
17:50:32.613 INFO  Extracting materials/models/props/city17/metalstair004a.vmt
17:50:32.614 INFO  Extracting materials/models/props/city17/metaltrack001a.vmt
17:50:32.614 INFO  Extracting materials/models/props/city17/metaltruss016a.vmt
17:50:32.615 INFO  Extracting materials/models/props/city17/metaltruss017b.vmt
17:50:32.616 INFO  Extracting materials/models/props/city17/metalwall005b.vmt
17:50:32.617 INFO  Extracting materials/models/props/city17/metalwall014a_cheap.vmt
17:50:32.618 INFO  Extracting materials/models/props/city17/metalwall072b.vmt
17:50:32.619 INFO  Extracting materials/models/props/city17/metalwall091a.vmt
17:50:32.620 INFO  Extracting materials/models/props/city17/nexus/citadel_metalwall063a.vmt
17:50:32.622 INFO  Extracting materials/models/props/city17/nexus/citadel_metalwall072b.vmt
17:50:32.622 INFO  Extracting materials/models/props/city17/nexus/citadel_metalwall077a.vmt
17:50:32.623 INFO  Extracting materials/models/props/city17/nexus/citadel_metalwall090a.vmt
17:50:32.624 INFO  Extracting materials/models/props/city17/nexus/combineglass001a.vmt
17:50:32.625 INFO  Extracting materials/models/props/city17/nexus/metalwall014a_cheap.vmt
17:50:32.626 INFO  Extracting materials/models/props/city17/nexus/metalwall091a.vmt
17:50:32.626 INFO  Extracting materials/models/props/city17/nexus/metalwall101a.vmt
17:50:32.627 INFO  Extracting materials/models/props/city17/plasterwall034a.vmt
17:50:32.628 INFO  Extracting materials/models/props/city17/plaza/building_template015b.vmt
17:50:32.628 INFO  Extracting materials/models/props/city17/plaza/building_template015c.vmt
17:50:32.630 INFO  Extracting materials/models/props/city17/plaza/plasterwall021a.vmt
17:50:32.631 INFO  Extracting materials/models/props/city17/shop/building_template028a.vmt
17:50:32.632 INFO  Extracting materials/models/props/city17/shop/courtyard_template003c.vmt
17:50:32.633 INFO  Extracting materials/models/props/city17/shop/metalcombine002.vmt
17:50:32.634 INFO  Extracting materials/models/props/city17/shop/plasterwall003a.vmt
17:50:32.635 INFO  Extracting materials/models/props/city17/shop/plasterwall042c.vmt
17:50:32.636 INFO  Extracting materials/models/props/city17/shop/woodfloor007a_c17.vmt
17:50:32.636 INFO  Extracting materials/models/props/city17/shop/woodstair002a.vmt
17:50:32.638 INFO  Extracting materials/models/props/city17/shop/woodstair002c.vmt
17:50:32.638 INFO  Extracting materials/models/props/city17/tilestair001a.vmt
17:50:32.639 INFO  Extracting materials/models/props/city17/toolsblack.vmt
17:50:32.640 INFO  Extracting materials/models/props/city17/trainstation/building_template028a.vmt
17:50:32.641 INFO  Extracting materials/models/props/city17/trainstation/building_trainstation_template002j.vmt
17:50:32.642 INFO  Extracting materials/models/props/city17/trainstation/metalstair003a.vmt
17:50:32.644 INFO  Extracting materials/models/props/city17/trainstation/plasterceiling008a.vmt
17:50:32.645 INFO  Extracting materials/models/props/city17/trainstation/plasterwall034a.vmt
17:50:32.646 INFO  Extracting materials/models/props/city17/trainstation/stonestair001a.vmt
17:50:32.647 INFO  Extracting materials/models/props/city17/trainstation/stonewall050a.vmt
17:50:32.648 INFO  Extracting materials/models/props/city17/trainstation/stonewall050b.vmt
17:50:32.649 INFO  Extracting materials/models/props/city17/trainstation/stonewall050c.vmt
17:50:32.650 INFO  Extracting materials/models/props/city17/woodfloor002a.vmt
17:50:32.651 INFO  Extracting materials/models/props/city17/woodstair002a.vmt
17:50:32.651 INFO  Extracting materials/models/props/city17/woodstair002c.vmt
17:50:32.652 INFO  Extracting materials/models/props/cs_assault/fireescapebars.vmt
17:50:32.653 INFO  Extracting materials/models/props/cs_assault/fireescapebars.vtf
17:50:32.654 INFO  Extracting materials/models/props/cs_assault/fireescapebars_ref.vmt
17:50:32.655 INFO  Extracting materials/models/props/cs_assault/fireescapebars_ref.vtf
17:50:32.657 INFO  Extracting materials/models/props/cs_assault/fireescapefloor.vmt
17:50:32.658 INFO  Extracting materials/models/props/cs_assault/fireescapefloor.vtf
17:50:32.660 INFO  Extracting materials/models/props/cs_assault/fireescapemain.vmt
17:50:32.660 INFO  Extracting materials/models/props/cs_assault/fireescapemain.vtf
17:50:32.662 INFO  Extracting materials/models/props/cs_assault/fireescapemain_ref.vmt
17:50:32.663 INFO  Extracting materials/models/props/cs_assault/fireescapemain_ref.vtf
17:50:32.664 INFO  Extracting materials/models/props/cs_assault/wirepipe.vmt
17:50:32.665 INFO  Extracting materials/models/props/cs_assault/wirepipe.vtf
17:50:32.666 INFO  Extracting materials/models/props/cs_assault/wirepipe_ref.vtf
17:50:32.667 INFO  Extracting materials/models/props/cs_militia/bunkbed.vmt
17:50:32.668 INFO  Extracting materials/models/props/cs_militia/bunkbed.vtf
17:50:32.669 INFO  Extracting materials/models/props/cs_militia/bunkbed_ref.vtf
17:50:32.671 INFO  Extracting materials/models/props/cs_militia/ropeladder01_knots.vmt
17:50:32.671 INFO  Extracting materials/models/props/cs_militia/ropeladder01_knots.vtf
17:50:32.673 INFO  Extracting materials/models/props/cs_militia/ropeladder01_rope.vmt
17:50:32.673 INFO  Extracting materials/models/props/cs_militia/ropeladder01_rope.vtf
17:50:32.674 INFO  Extracting materials/models/props/cs_office/clouds.vmt
17:50:32.676 INFO  Extracting materials/models/props/cs_office/clouds.vtf
17:50:32.680 INFO  Extracting materials/models/props/de_inferno/bed.vmt
17:50:32.681 INFO  Extracting materials/models/props/de_inferno/bed.vtf
17:50:32.682 INFO  Extracting materials/models/props/de_nuke/electricalbox01.vmt
17:50:32.683 INFO  Extracting materials/models/props/de_nuke/electricalbox01.vtf
17:50:32.684 INFO  Extracting materials/models/props/de_nuke/electricalbox01_ref.vtf
17:50:32.685 INFO  Extracting materials/models/props/de_nuke/electricalbox02.vmt
17:50:32.686 INFO  Extracting materials/models/props/de_nuke/electricalbox02.vtf
17:50:32.687 INFO  Extracting materials/models/props/de_nuke/electricalbox02_ref.vtf
17:50:32.687 INFO  Extracting materials/models/props/de_nuke/light_wall.vmt
17:50:32.689 INFO  Extracting materials/models/props/de_nuke/light_wall.vtf
17:50:32.690 INFO  Extracting materials/models/props/de_nuke/light_wall_ref.vtf
17:50:32.691 INFO  Extracting materials/models/props/de_train/lockerbench.vmt
17:50:32.692 INFO  Extracting materials/models/props/de_train/lockerbench.vtf
17:50:32.693 INFO  Extracting materials/models/props/de_train/lockerbench_ref.vmt
17:50:32.694 INFO  Extracting materials/models/props/de_train/lockerbench_ref.vtf
17:50:32.695 INFO  Extracting materials/models/props_c17/factoryengine01.vmt
17:50:32.696 INFO  Extracting materials/models/props_c17/factoryengine01.vtf
17:50:32.697 INFO  Extracting materials/models/props_c17/factoryengine01_mask.vtf
17:50:32.699 INFO  Extracting materials/models/props_c17/gate_door02a.vmt
17:50:32.701 INFO  Extracting materials/models/props_c17/gate_door02a.vtf
17:50:32.702 INFO  Extracting materials/models/props_c17/powerbox_bars.vmt
17:50:32.704 INFO  Extracting materials/models/props_c17/powerbox_bars.vtf
17:50:32.704 INFO  Extracting materials/models/props_c17/powerbox_sheet.vmt
17:50:32.705 INFO  Extracting materials/models/props_c17/powerbox_sheet.vtf
17:50:32.707 INFO  Extracting materials/models/props_c17/powerbox_wires.vmt
17:50:32.708 INFO  Extracting materials/models/props_c17/powerbox_wires.vtf
17:50:32.708 INFO  Extracting materials/models/props_foliage/foliage1.vmt
17:50:32.709 INFO  Extracting materials/models/props_foliage/foliage1.vtf
17:50:32.711 INFO  Extracting materials/models/props_foliage/rocks_vegetation.vmt
17:50:32.711 INFO  Extracting materials/models/props_foliage/rocks_vegetation.vtf
17:50:32.712 INFO  Extracting materials/models/props_forest/fern01.vmt
17:50:32.713 INFO  Extracting materials/models/props_forest/fern01.vtf
17:50:32.714 INFO  Extracting materials/models/props_forest/handrail01a.vmt
17:50:32.715 INFO  Extracting materials/models/props_forest/handrail01a.vtf
17:50:32.717 INFO  Extracting materials/models/props_industrial/oil_pipes.vmt
17:50:32.718 INFO  Extracting materials/models/props_industrial/oil_pipes.vtf
17:50:32.719 INFO  Extracting materials/models/props_mining/freightelevator_button01.vmt
17:50:32.720 INFO  Extracting materials/models/props_mining/freightelevator_button01.vtf
17:50:32.721 INFO  Extracting materials/models/props_silo/light_wall.vmt
17:50:32.722 INFO  Extracting materials/models/props_silo/light_wall.vtf
17:50:32.723 INFO  Extracting materials/models/props_silo/light_wall_ref.vtf
17:50:32.724 INFO  Extracting materials/nature/blendconcretedirt001a.vmt
17:50:32.725 INFO  Extracting materials/nature/dirtfloor004a.vmt
17:50:32.727 INFO  Extracting materials/nature/dirtfloor004a.vtf
17:50:32.728 INFO  Extracting materials/nature/infblendgrassdirt001a.vmt
17:50:32.729 INFO  Extracting materials/overlays/ff_macro16a.vtf
17:50:32.733 INFO  Extracting materials/overlays/ff_macro17a.vtf
17:50:32.737 INFO  Extracting materials/plaster/infintwllb.vmt
17:50:32.738 INFO  Extracting materials/plaster/infintwllb.vtf
17:50:32.739 INFO  Extracting materials/realworldtextures/glass.vmt
17:50:32.740 INFO  Extracting materials/realworldtextures/glass.vtf
17:50:32.743 INFO  Extracting materials/realworldtextures/glass_break.vmt
17:50:32.743 INFO  Extracting materials/realworldtextures/glass_break.vtf
17:50:32.746 INFO  Extracting materials/sprites/anamorph_dummi.vtf
17:50:32.747 INFO  Extracting materials/sprites/anamorph_glow01b.vmt
17:50:32.748 INFO  Extracting materials/sprites/anamorph_glow01b.vtf
17:50:32.750 INFO  Extracting materials/sprites/anamorph_glow03.vmt
17:50:32.752 INFO  Extracting materials/sprites/anamorph_glow03.vtf
17:50:32.753 INFO  Extracting materials/sprites/hide_sun.vmt
17:50:32.754 INFO  Extracting materials/tile/tilefloor013b.vmt
17:50:32.755 INFO  Extracting materials/tile/tilefloor013b.vtf
17:50:32.760 INFO  Extracting materials/tile/tilefloor013b_c17.vmt
17:50:32.760 INFO  Extracting materials/tile/tilefloor013b_normal.vtf
17:50:32.762 INFO  Extracting models/combine_turrets/combine_cannon_powergen.dx80.vtx
17:50:32.764 INFO  Extracting models/combine_turrets/combine_cannon_powergen.dx90.vtx
17:50:32.764 INFO  Extracting models/combine_turrets/combine_cannon_powergen.mdl
17:50:32.766 INFO  Extracting models/combine_turrets/combine_cannon_powergen.phy
17:50:32.767 INFO  Extracting models/combine_turrets/combine_cannon_powergen.sw.vtx
17:50:32.768 INFO  Extracting models/combine_turrets/combine_cannon_powergen.vvd
17:50:32.769 INFO  Extracting models/combine_turrets/combine_cannon_stand.dx80.vtx
17:50:32.770 INFO  Extracting models/combine_turrets/combine_cannon_stand.dx90.vtx
17:50:32.772 INFO  Extracting models/combine_turrets/combine_cannon_stand.mdl
17:50:32.773 INFO  Extracting models/combine_turrets/combine_cannon_stand.phy
17:50:32.773 INFO  Extracting models/combine_turrets/combine_cannon_stand.sw.vtx
17:50:32.777 INFO  Extracting models/combine_turrets/combine_cannon_stand.vvd
17:50:32.778 INFO  Extracting models/ff_models/baum1.dx80.vtx
17:50:32.780 INFO  Extracting models/ff_models/baum1.dx90.vtx
17:50:32.783 INFO  Extracting models/ff_models/baum1.mdl
17:50:32.785 INFO  Extracting models/ff_models/baum1.phy
17:50:32.786 INFO  Extracting models/ff_models/baum1.sw.vtx
17:50:32.788 INFO  Extracting models/ff_models/baum1.vvd
17:50:32.793 INFO  Extracting models/ff_models/baum2.dx80.vtx
17:50:32.795 INFO  Extracting models/ff_models/baum2.dx90.vtx
17:50:32.797 INFO  Extracting models/ff_models/baum2.mdl
17:50:32.798 INFO  Extracting models/ff_models/baum2.phy
17:50:32.800 INFO  Extracting models/ff_models/baum2.sw.vtx
17:50:32.802 INFO  Extracting models/ff_models/baum2.vvd
17:50:32.806 INFO  Extracting models/ff_models/baum3.dx80.vtx
17:50:32.808 INFO  Extracting models/ff_models/baum3.dx90.vtx
17:50:32.812 INFO  Extracting models/ff_models/baum3.mdl
17:50:32.813 INFO  Extracting models/ff_models/baum3.phy
17:50:32.813 INFO  Extracting models/ff_models/baum3.sw.vtx
17:50:32.815 INFO  Extracting models/ff_models/baum3.vvd
17:50:32.821 INFO  Extracting models/ff_models/baum3_blaetter.dx80.vtx
17:50:32.822 INFO  Extracting models/ff_models/baum3_blaetter.dx90.vtx
17:50:32.823 INFO  Extracting models/ff_models/baum3_blaetter.mdl
17:50:32.824 INFO  Extracting models/ff_models/baum3_blaetter.phy
17:50:32.825 INFO  Extracting models/ff_models/baum3_blaetter.sw.vtx
17:50:32.826 INFO  Extracting models/ff_models/baum3_blaetter.vvd
17:50:32.829 INFO  Extracting models/ff_models/baum3_bleatter.dx90.vtx
17:50:32.830 INFO  Extracting models/ff_models/baum4.dx80.vtx
17:50:32.831 INFO  Extracting models/ff_models/baum4.dx90.vtx
17:50:32.832 INFO  Extracting models/ff_models/baum4.mdl
17:50:32.833 INFO  Extracting models/ff_models/baum4.phy
17:50:32.835 INFO  Extracting models/ff_models/baum4.sw.vtx
17:50:32.836 INFO  Extracting models/ff_models/baum4.vvd
17:50:32.840 INFO  Extracting models/letters/c.dx80.vtx
17:50:32.840 INFO  Extracting models/letters/c.dx90.vtx
17:50:32.841 INFO  Extracting models/letters/c.mdl
17:50:32.842 INFO  Extracting models/letters/c.phy
17:50:32.843 INFO  Extracting models/letters/c.sw.vtx
17:50:32.844 INFO  Extracting models/letters/c.vvd
17:50:32.845 INFO  Extracting models/letters/u.dx80.vtx
17:50:32.846 INFO  Extracting models/letters/u.dx90.vtx
17:50:32.846 INFO  Extracting models/letters/u.mdl
17:50:32.847 INFO  Extracting models/letters/u.phy
17:50:32.848 INFO  Extracting models/letters/u.sw.vtx
17:50:32.849 INFO  Extracting models/letters/u.vvd
17:50:32.849 INFO  Extracting models/letters/w.dx80.vtx
17:50:32.850 INFO  Extracting models/letters/w.dx90.vtx
17:50:32.851 INFO  Extracting models/letters/w.mdl
17:50:32.852 INFO  Extracting models/letters/w.phy
17:50:32.852 INFO  Extracting models/letters/w.sw.vtx
17:50:32.853 INFO  Extracting models/letters/w.vvd
17:50:32.854 INFO  Extracting models/props/city17/apartment/elev.dx80.vtx
17:50:32.855 INFO  Extracting models/props/city17/apartment/elev.dx90.vtx
17:50:32.856 INFO  Extracting models/props/city17/apartment/elev.mdl
17:50:32.857 INFO  Extracting models/props/city17/apartment/elev.phy
17:50:32.857 INFO  Extracting models/props/city17/apartment/elev.sw.vtx
17:50:32.858 INFO  Extracting models/props/city17/apartment/elev.vvd
17:50:32.859 INFO  Extracting models/props/city17/apartment/stairs.dx80.vtx
17:50:32.859 INFO  Extracting models/props/city17/apartment/stairs.dx90.vtx
17:50:32.860 INFO  Extracting models/props/city17/apartment/stairs.mdl
17:50:32.861 INFO  Extracting models/props/city17/apartment/stairs.phy
17:50:32.861 INFO  Extracting models/props/city17/apartment/stairs.sw.vtx
17:50:32.862 INFO  Extracting models/props/city17/apartment/stairs.vvd
17:50:32.863 INFO  Extracting models/props/city17/apartment/stairs2.dx80.vtx
17:50:32.863 INFO  Extracting models/props/city17/apartment/stairs2.dx90.vtx
17:50:32.864 INFO  Extracting models/props/city17/apartment/stairs2.mdl
17:50:32.864 INFO  Extracting models/props/city17/apartment/stairs2.phy
17:50:32.865 INFO  Extracting models/props/city17/apartment/stairs2.sw.vtx
17:50:32.866 INFO  Extracting models/props/city17/apartment/stairs2.vvd
17:50:32.866 INFO  Extracting models/props/city17/apartment/stairs3.dx80.vtx
17:50:32.867 INFO  Extracting models/props/city17/apartment/stairs3.dx90.vtx
17:50:32.868 INFO  Extracting models/props/city17/apartment/stairs3.mdl
17:50:32.869 INFO  Extracting models/props/city17/apartment/stairs3.phy
17:50:32.869 INFO  Extracting models/props/city17/apartment/stairs3.sw.vtx
17:50:32.870 INFO  Extracting models/props/city17/apartment/stairs3.vvd
17:50:32.871 INFO  Extracting models/props/city17/apartment/stairs3.xbox.vtx
17:50:32.871 INFO  Extracting models/props/city17/apartment/stairs4.dx80.vtx
17:50:32.872 INFO  Extracting models/props/city17/apartment/stairs4.dx90.vtx
17:50:32.873 INFO  Extracting models/props/city17/apartment/stairs4.mdl
17:50:32.873 INFO  Extracting models/props/city17/apartment/stairs4.phy
17:50:32.874 INFO  Extracting models/props/city17/apartment/stairs4.sw.vtx
17:50:32.876 INFO  Extracting models/props/city17/apartment/stairs4.vvd
17:50:32.876 INFO  Extracting models/props/city17/apartment/supportbars01.dx80.vtx
17:50:32.877 INFO  Extracting models/props/city17/apartment/supportbars01.dx90.vtx
17:50:32.877 INFO  Extracting models/props/city17/apartment/supportbars01.mdl
17:50:32.878 INFO  Extracting models/props/city17/apartment/supportbars01.phy
17:50:32.879 INFO  Extracting models/props/city17/apartment/supportbars01.sw.vtx
17:50:32.880 INFO  Extracting models/props/city17/apartment/supportbars01.vvd
17:50:32.882 INFO  Extracting models/props/city17/industrial/machinery_roof_1a.dx80.vtx
17:50:32.883 INFO  Extracting models/props/city17/industrial/machinery_roof_1a.dx90.vtx
17:50:32.884 INFO  Extracting models/props/city17/industrial/machinery_roof_1a.mdl
17:50:32.886 INFO  Extracting models/props/city17/industrial/machinery_roof_1a.phy
17:50:32.886 INFO  Extracting models/props/city17/industrial/machinery_roof_1a.sw.vtx
17:50:32.887 INFO  Extracting models/props/city17/industrial/machinery_roof_1a.vvd
17:50:32.888 INFO  Extracting models/props/city17/industrial/pipes01.dx80.vtx
17:50:32.889 INFO  Extracting models/props/city17/industrial/pipes01.dx90.vtx
17:50:32.889 INFO  Extracting models/props/city17/industrial/pipes01.mdl
17:50:32.890 INFO  Extracting models/props/city17/industrial/pipes01.phy
17:50:32.891 INFO  Extracting models/props/city17/industrial/pipes01.sw.vtx
17:50:32.891 INFO  Extracting models/props/city17/industrial/pipes01.vvd
17:50:32.892 INFO  Extracting models/props/city17/industrial/pipes02.dx80.vtx
17:50:32.893 INFO  Extracting models/props/city17/industrial/pipes02.dx90.vtx
17:50:32.893 INFO  Extracting models/props/city17/industrial/pipes02.mdl
17:50:32.894 INFO  Extracting models/props/city17/industrial/pipes02.phy
17:50:32.894 INFO  Extracting models/props/city17/industrial/pipes02.sw.vtx
17:50:32.895 INFO  Extracting models/props/city17/industrial/pipes02.vvd
17:50:32.896 INFO  Extracting models/props/city17/industrial/pipes03.dx80.vtx
17:50:32.896 INFO  Extracting models/props/city17/industrial/pipes03.dx90.vtx
17:50:32.897 INFO  Extracting models/props/city17/industrial/pipes03.mdl
17:50:32.898 INFO  Extracting models/props/city17/industrial/pipes03.phy
17:50:32.899 INFO  Extracting models/props/city17/industrial/pipes03.sw.vtx
17:50:32.899 INFO  Extracting models/props/city17/industrial/pipes03.vvd
17:50:32.901 INFO  Extracting models/props/city17/industrial/pipes04.dx80.vtx
17:50:32.902 INFO  Extracting models/props/city17/industrial/pipes04.dx90.vtx
17:50:32.902 INFO  Extracting models/props/city17/industrial/pipes04.mdl
17:50:32.903 INFO  Extracting models/props/city17/industrial/pipes04.phy
17:50:32.904 INFO  Extracting models/props/city17/industrial/pipes04.sw.vtx
17:50:32.904 INFO  Extracting models/props/city17/industrial/pipes04.vvd
17:50:32.905 INFO  Extracting models/props/city17/industrial/pipes05.dx80.vtx
17:50:32.906 INFO  Extracting models/props/city17/industrial/pipes05.dx90.vtx
17:50:32.907 INFO  Extracting models/props/city17/industrial/pipes05.mdl
17:50:32.907 INFO  Extracting models/props/city17/industrial/pipes05.phy
17:50:32.908 INFO  Extracting models/props/city17/industrial/pipes05.sw.vtx
17:50:32.908 INFO  Extracting models/props/city17/industrial/pipes05.vvd
17:50:32.909 INFO  Extracting models/props/city17/industrial/stairs5.dx80.vtx
17:50:32.909 INFO  Extracting models/props/city17/industrial/stairs5.dx90.vtx
17:50:32.911 INFO  Extracting models/props/city17/industrial/stairs5.mdl
17:50:32.911 INFO  Extracting models/props/city17/industrial/stairs5.phy
17:50:32.912 INFO  Extracting models/props/city17/industrial/stairs5.sw.vtx
17:50:32.913 INFO  Extracting models/props/city17/industrial/stairs5.vvd
17:50:32.914 INFO  Extracting models/props/city17/industrial/supportbar.dx80.vtx
17:50:32.914 INFO  Extracting models/props/city17/industrial/supportbar.dx90.vtx
17:50:32.915 INFO  Extracting models/props/city17/industrial/supportbar.mdl
17:50:32.916 INFO  Extracting models/props/city17/industrial/supportbar.phy
17:50:32.917 INFO  Extracting models/props/city17/industrial/supportbar.sw.vtx
17:50:32.918 INFO  Extracting models/props/city17/industrial/supportbar.vvd
17:50:32.918 INFO  Extracting models/props/city17/industrial/vent01.dx80.vtx
17:50:32.919 INFO  Extracting models/props/city17/industrial/vent01.dx90.vtx
17:50:32.920 INFO  Extracting models/props/city17/industrial/vent01.mdl
17:50:32.920 INFO  Extracting models/props/city17/industrial/vent01.phy
17:50:32.921 INFO  Extracting models/props/city17/industrial/vent01.sw.vtx
17:50:32.922 INFO  Extracting models/props/city17/industrial/vent01.vvd
17:50:32.922 INFO  Extracting models/props/city17/industrial/vent02.dx80.vtx
17:50:32.923 INFO  Extracting models/props/city17/industrial/vent02.dx90.vtx
17:50:32.924 INFO  Extracting models/props/city17/industrial/vent02.mdl
17:50:32.925 INFO  Extracting models/props/city17/industrial/vent02.phy
17:50:32.925 INFO  Extracting models/props/city17/industrial/vent02.sw.vtx
17:50:32.926 INFO  Extracting models/props/city17/industrial/vent02.vvd
17:50:32.926 INFO  Extracting models/props/city17/industrial/vent03.dx80.vtx
17:50:32.927 INFO  Extracting models/props/city17/industrial/vent03.dx90.vtx
17:50:32.928 INFO  Extracting models/props/city17/industrial/vent03.mdl
17:50:32.928 INFO  Extracting models/props/city17/industrial/vent03.phy
17:50:32.929 INFO  Extracting models/props/city17/industrial/vent03.sw.vtx
17:50:32.930 INFO  Extracting models/props/city17/industrial/vent03.vvd
17:50:32.930 INFO  Extracting models/props/city17/industrial/vent04.dx80.vtx
17:50:32.931 INFO  Extracting models/props/city17/industrial/vent04.dx90.vtx
